Grid 01
700000080
050702000
036045020
085001300
000000000
002300810
070480530
000203070
060000008
Grid 02
000000010
018900060
006081400
803000024
500308006
270000508
002510700
080003240
090000000
Grid 03
000024000
230800007
000070200
070000002
984050176
500000090
007080000
100007054
000210000
Grid 04
000008010
800900040
351264080
918006000
007850000
605090000
700000200
500003070
100040300
Grid 05
200107005
530020010
000000800
700246000
305000000
020000001
100570030
800010027
007800000
Grid 06
000090700
050000030
001008000
900700006
004000000
200003001
070600900
030000050
008140020
Grid 07
000300400
900010000
408070503
000600900
000157000
005002000
204000605
000020008
006708000
Grid 08
800000005
020900008
000867010
010700300
002080900
004006080
246350000
500604020
100070006
Grid 09
800200000
120030900
090700100
400000081
000070400
060085002
010000200
004007000
300190000
Grid 10
001500000
400000070
060090100
300001500
090060008
005700040
080100002
003000050
000002600
